ATOM_NAME = W Se
DIM = 3 3 1
BAND = 0.0 0.0 0.0  0.5 0.5 0.0  0.666667 0.333333 0.0  0.0 0.0 0.0
BAND_POINTS = 101
