ATOM_NAME = MoS260
DIM =  3 3 1
BAND = 0.0 0.0 0.0  -0.66667 -0.33333 0.0  0.5 0.5 0.0  0.0 0.0 0.0
FREQUENCY_CONVERSION_FACTOR = 521.464
